free_thresh: 0.196
image: house.pgm
negate: 0
occupied_thresh: 0.65
origin: [-7.449999999999989, -5.199999999999989, 0.0]
resolution: 0.05
